20000
6.000000  0.000000  5.000000 ----- 0.928477  0.000000  0.371391 ----- 0.000000  1.000000  0.000000 ----- -0.371391  0.000000  0.928477
6.005001  0.000000  5.001998 ----- 0.928809  0.000000  0.370559 ----- 0.000000  1.000000  -0.000000 ----- -0.370559  0.000000  0.928809
6.010006  0.000000  5.003992 ----- 0.929140  0.000000  0.369727 ----- 0.000000  1.000000  -0.000000 ----- -0.369727  0.000000  0.929140
6.015013  0.000000  5.005982 ----- 0.929471  0.000000  0.368896 ----- 0.000000  1.000000  -0.000000 ----- -0.368896  0.000000  0.929471
6.020024  0.000000  5.007968 ----- 0.929800  0.000000  0.368066 ----- 0.000000  1.000000  -0.000000 ----- -0.368066  0.000000  0.929800
6.025037  0.000000  5.009950 ----- 0.930127  0.000000  0.367237 ----- 0.000000  1.000000  -0.000000 ----- -0.367237  0.000000  0.930127
6.030054  0.000000  5.011928 ----- 0.930454  0.000000  0.366408 ----- 0.000000  1.000000  -0.000000 ----- -0.366408  0.000000  0.930454
6.035073  0.000000  5.013902 ----- 0.930780  0.000000  0.365580 ----- 0.000000  1.000000  -0.000000 ----- -0.365580  0.000000  0.930780
6.040095  0.000000  5.015872 ----- 0.931104  0.000000  0.364753 ----- 0.000000  1.000000  -0.000000 ----- -0.364753  0.000000  0.931104
6.045120  0.000000  5.017838 ----- 0.931428  0.000000  0.363926 ----- 0.000000  1.000000  -0.000000 ----- -0.363926  0.000000  0.931428
6.050149  0.000000  5.019800 ----- 0.931750  0.000000  0.363100 ----- 0.000000  1.000000  -0.000000 ----- -0.363100  0.000000  0.931750
6.055180  0.000000  5.021758 ----- 0.932071  0.000000  0.362275 ----- 0.000000  1.000000  -0.000000 ----- -0.362275  0.000000  0.932071
6.060213  0.000000  5.023712 ----- 0.932391  0.000000  0.361450 ----- 0.000000  1.000000  -0.000000 ----- -0.361450  0.000000  0.932391
6.065250  0.000000  5.025662 ----- 0.932711  0.000000  0.360626 ----- 0.000000  1.000000  -0.000000 ----- -0.360626  0.000000  0.932711
6.070290  0.000000  5.027608 ----- 0.933028  0.000000  0.359803 ----- 0.000000  1.000000  -0.000000 ----- -0.359803  0.000000  0.933028
6.075332  0.000000  5.029550 ----- 0.933345  0.000000  0.358980 ----- 0.000000  1.000000  -0.000000 ----- -0.358980  0.000000  0.933345
6.080378  0.000000  5.031488 ----- 0.933661  0.000000  0.358158 ----- 0.000000  1.000000  -0.000000 ----- -0.358158  0.000000  0.933661
6.085426  0.000000  5.033422 ----- 0.933976  0.000000  0.357336 ----- 0.000000  1.000000  -0.000000 ----- -0.357336  0.000000  0.933976
6.090477  0.000000  5.035352 ----- 0.934289  0.000000  0.356516 ----- 0.000000  1.000000  -0.000000 ----- -0.356516  0.000000  0.934289
6.095531  0.000000  5.037278 ----- 0.934602  0.000000  0.355695 ----- 0.000000  1.000000  -0.000000 ----- -0.355695  0.000000  0.934602
6.100588  0.000000  5.039200 ----- 0.934913  0.000000  0.354876 ----- 0.000000  1.000000  -0.000000 ----- -0.354876  0.000000  0.934913
6.105648  0.000000  5.041118 ----- 0.935224  0.000000  0.354057 ----- 0.000000  1.000000  -0.000000 ----- -0.354057  0.000000  0.935224
6.110710  0.000000  5.043032 ----- 0.935533  0.000000  0.353239 ----- 0.000000  1.000000  -0.000000 ----- -0.353239  0.000000  0.935533
6.115775  0.000000  5.044942 ----- 0.935841  0.000000  0.352421 ----- 0.000000  1.000000  -0.000000 ----- -0.352421  0.000000  0.935841
6.120843  0.000000  5.046848 ----- 0.936149  0.000000  0.351605 ----- 0.000000  1.000000  -0.000000 ----- -0.351605  0.000000  0.936149
6.125914  0.000000  5.048750 ----- 0.936455  0.000000  0.350788 ----- 0.000000  1.000000  -0.000000 ----- -0.350788  0.000000  0.936455
6.130988  0.000000  5.050648 ----- 0.936760  0.000000  0.349973 ----- 0.000000  1.000000  -0.000000 ----- -0.349973  0.000000  0.936760
6.136064  0.000000  5.052542 ----- 0.937064  0.000000  0.349158 ----- 0.000000  1.000000  -0.000000 ----- -0.349158  0.000000  0.937064
6.141143  0.000000  5.054432 ----- 0.937367  0.000000  0.348343 ----- 0.000000  1.000000  -0.000000 ----- -0.348343  0.000000  0.937367
6.146225  0.000000  5.056318 ----- 0.937669  0.000000  0.347530 ----- 0.000000  1.000000  -0.000000 ----- -0.347530  0.000000  0.937669
6.151310  0.000000  5.058200 ----- 0.937970  0.000000  0.346717 ----- 0.000000  1.000000  -0.000000 ----- -0.346717  0.000000  0.937970
6.156397  0.000000  5.060078 ----- 0.938270  0.000000  0.345904 ----- 0.000000  1.000000  -0.000000 ----- -0.345904  0.000000  0.938270
6.161487  0.000000  5.061952 ----- 0.938569  0.000000  0.345092 ----- 0.000000  1.000000  -0.000000 ----- -0.345092  0.000000  0.938569
6.166580  0.000000  5.063822 ----- 0.938867  0.000000  0.344281 ----- 0.000000  1.000000  -0.000000 ----- -0.344281  0.000000  0.938867
6.171675  0.000000  5.065688 ----- 0.939163  0.000000  0.343471 ----- 0.000000  1.000000  -0.000000 ----- -0.343471  0.000000  0.939163
6.176773  0.000000  5.067550 ----- 0.939459  0.000000  0.342661 ----- 0.000000  1.000000  -0.000000 ----- -0.342661  0.000000  0.939459
6.181874  0.000000  5.069408 ----- 0.939754  0.000000  0.341851 ----- 0.000000  1.000000  -0.000000 ----- -0.341851  0.000000  0.939754
6.186978  0.000000  5.071262 ----- 0.940048  0.000000  0.341043 ----- 0.000000  1.000000  -0.000000 ----- -0.341043  0.000000  0.940048
6.192084  0.000000  5.073112 ----- 0.940341  0.000000  0.340235 ----- 0.000000  1.000000  -0.000000 ----- -0.340235  0.000000  0.940341
6.197193  0.000000  5.074958 ----- 0.940632  0.000000  0.339427 ----- 0.000000  1.000000  -0.000000 ----- -0.339427  0.000000  0.940632
6.202304  0.000000  5.076800 ----- 0.940923  0.000000  0.338620 ----- 0.000000  1.000000  -0.000000 ----- -0.338620  0.000000  0.940923
6.207418  0.000000  5.078638 ----- 0.941213  0.000000  0.337814 ----- 0.000000  1.000000  -0.000000 ----- -0.337814  0.000000  0.941213
6.212535  0.000000  5.080472 ----- 0.941502  0.000000  0.337009 ----- 0.000000  1.000000  -0.000000 ----- -0.337009  0.000000  0.941502
6.217654  0.000000  5.082302 ----- 0.941789  0.000000  0.336204 ----- 0.000000  1.000000  -0.000000 ----- -0.336204  0.000000  0.941789
6.222776  0.000000  5.084128 ----- 0.942076  0.000000  0.335399 ----- 0.000000  1.000000  -0.000000 ----- -0.335399  0.000000  0.942076
6.227901  0.000000  5.085950 ----- 0.942362  0.000000  0.334595 ----- 0.000000  1.000000  -0.000000 ----- -0.334595  0.000000  0.942362
6.233028  0.000000  5.087768 ----- 0.942647  0.000000  0.333792 ----- 0.000000  1.000000  -0.000000 ----- -0.333792  0.000000  0.942647
6.238158  0.000000  5.089582 ----- 0.942930  0.000000  0.332990 ----- 0.000000  1.000000  -0.000000 ----- -0.332990  0.000000  0.942930
6.243290  0.000000  5.091392 ----- 0.943213  0.000000  0.332188 ----- 0.000000  1.000000  -0.000000 ----- -0.332188  0.000000  0.943213
6.248425  0.000000  5.093198 ----- 0.943495  0.000000  0.331386 ----- 0.000000  1.000000  -0.000000 ----- -0.331386  0.000000  0.943495
6.253563  0.000000  5.095000 ----- 0.943776  0.000000  0.330586 ----- 0.000000  1.000000  -0.000000 ----- -0.330586  0.000000  0.943776
6.258703  0.000000  5.096798 ----- 0.944056  0.000000  0.329785 ----- 0.000000  1.000000  -0.000000 ----- -0.329785  0.000000  0.944056
6.263845  0.000000  5.098592 ----- 0.944335  0.000000  0.328986 ----- 0.000000  1.000000  -0.000000 ----- -0.328986  0.000000  0.944335
6.268990  0.000000  5.100382 ----- 0.944613  0.000000  0.328187 ----- 0.000000  1.000000  -0.000000 ----- -0.328187  0.000000  0.944613
6.274138  0.000000  5.102168 ----- 0.944890  0.000000  0.327388 ----- 0.000000  1.000000  -0.000000 ----- -0.327388  0.000000  0.944890
6.279288  0.000000  5.103950 ----- 0.945166  0.000000  0.326591 ----- 0.000000  1.000000  -0.000000 ----- -0.326591  0.000000  0.945166
6.284441  0.000000  5.105728 ----- 0.945441  0.000000  0.325793 ----- 0.000000  1.000000  -0.000000 ----- -0.325793  0.000000  0.945441
6.289596  0.000000  5.107502 ----- 0.945715  0.000000  0.324997 ----- 0.000000  1.000000  -0.000000 ----- -0.324997  0.000000  0.945715
6.294753  0.000000  5.109272 ----- 0.945988  0.000000  0.324201 ----- 0.000000  1.000000  -0.000000 ----- -0.324201  0.000000  0.945988
6.299913  0.000000  5.111038 ----- 0.946261  0.000000  0.323405 ----- 0.000000  1.000000  -0.000000 ----- -0.323405  0.000000  0.946261
6.305076  0.000000  5.112800 ----- 0.946532  0.000000  0.322610 ----- 0.000000  1.000000  -0.000000 ----- -0.322610  0.000000  0.946532
6.310241  0.000000  5.114558 ----- 0.946802  0.000000  0.321816 ----- 0.000000  1.000000  -0.000000 ----- -0.321816  0.000000  0.946802
6.315409  0.000000  5.116312 ----- 0.947072  0.000000  0.321022 ----- 0.000000  1.000000  -0.000000 ----- -0.321022  0.000000  0.947072
6.320578  0.000000  5.118062 ----- 0.947340  0.000000  0.320229 ----- 0.000000  1.000000  -0.000000 ----- -0.320229  0.000000  0.947340
6.325751  0.000000  5.119808 ----- 0.947608  0.000000  0.319437 ----- 0.000000  1.000000  -0.000000 ----- -0.319437  0.000000  0.947608
6.330926  0.000000  5.121550 ----- 0.947874  0.000000  0.318645 ----- 0.000000  1.000000  -0.000000 ----- -0.318645  0.000000  0.947874
6.336103  0.000000  5.123288 ----- 0.948140  0.000000  0.317853 ----- 0.000000  1.000000  -0.000000 ----- -0.317853  0.000000  0.948140
6.341282  0.000000  5.125022 ----- 0.948405  0.000000  0.317062 ----- 0.000000  1.000000  -0.000000 ----- -0.317062  0.000000  0.948405
6.346464  0.000000  5.126752 ----- 0.948669  0.000000  0.316272 ----- 0.000000  1.000000  -0.000000 ----- -0.316272  0.000000  0.948669
6.351649  0.000000  5.128478 ----- 0.948931  0.000000  0.315482 ----- 0.000000  1.000000  -0.000000 ----- -0.315482  0.000000  0.948931
6.356835  0.000000  5.130200 ----- 0.949193  0.000000  0.314693 ----- 0.000000  1.000000  -0.000000 ----- -0.314693  0.000000  0.949193
6.362025  0.000000  5.131918 ----- 0.949455  0.000000  0.313905 ----- 0.000000  1.000000  -0.000000 ----- -0.313905  0.000000  0.949455
6.367216  0.000000  5.133632 ----- 0.949715  0.000000  0.313117 ----- 0.000000  1.000000  -0.000000 ----- -0.313117  0.000000  0.949715
6.372410  0.000000  5.135342 ----- 0.949974  0.000000  0.312329 ----- 0.000000  1.000000  -0.000000 ----- -0.312329  0.000000  0.949974
6.377606  0.000000  5.137048 ----- 0.950232  0.000000  0.311542 ----- 0.000000  1.000000  -0.000000 ----- -0.311542  0.000000  0.950232
6.382805  0.000000  5.138750 ----- 0.950490  0.000000  0.310756 ----- 0.000000  1.000000  -0.000000 ----- -0.310756  0.000000  0.950490
6.388006  0.000000  5.140448 ----- 0.950746  0.000000  0.309970 ----- 0.000000  1.000000  -0.000000 ----- -0.309970  0.000000  0.950746
6.393209  0.000000  5.142142 ----- 0.951002  0.000000  0.309185 ----- 0.000000  1.000000  -0.000000 ----- -0.309185  0.000000  0.951002
6.398414  0.000000  5.143832 ----- 0.951257  0.000000  0.308400 ----- 0.000000  1.000000  -0.000000 ----- -0.308400  0.000000  0.951257
6.403622  0.000000  5.145518 ----- 0.951511  0.000000  0.307616 ----- 0.000000  1.000000  -0.000000 ----- -0.307616  0.000000  0.951511
6.408832  0.000000  5.147200 ----- 0.951764  0.000000  0.306832 ----- 0.000000  1.000000  -0.000000 ----- -0.306832  0.000000  0.951764
6.414044  0.000000  5.148878 ----- 0.952016  0.000000  0.306049 ----- 0.000000  1.000000  -0.000000 ----- -0.306049  0.000000  0.952016
6.419259  0.000000  5.150552 ----- 0.952267  0.000000  0.305266 ----- 0.000000  1.000000  -0.000000 ----- -0.305266  0.000000  0.952267
6.424476  0.000000  5.152222 ----- 0.952517  0.000000  0.304484 ----- 0.000000  1.000000  -0.000000 ----- -0.304484  0.000000  0.952517
6.429695  0.000000  5.153888 ----- 0.952767  0.000000  0.303703 ----- 0.000000  1.000000  -0.000000 ----- -0.303703  0.000000  0.952767
6.434916  0.000000  5.155550 ----- 0.953015  0.000000  0.302922 ----- 0.000000  1.000000  -0.000000 ----- -0.302922  0.000000  0.953015
6.440140  0.000000  5.157208 ----- 0.953263  0.000000  0.302141 ----- 0.000000  1.000000  -0.000000 ----- -0.302141  0.000000  0.953263
6.445366  0.000000  5.158862 ----- 0.953510  0.000000  0.301362 ----- 0.000000  1.000000  -0.000000 ----- -0.301362  0.000000  0.953510
6.450594  0.000000  5.160512 ----- 0.953756  0.000000  0.300582 ----- 0.000000  1.000000  -0.000000 ----- -0.300582  0.000000  0.953756
6.455824  0.000000  5.162158 ----- 0.954001  0.000000  0.299803 ----- 0.000000  1.000000  -0.000000 ----- -0.299803  0.000000  0.954001
6.461057  0.000000  5.163800 ----- 0.954245  0.000000  0.299025 ----- 0.000000  1.000000  -0.000000 ----- -0.299025  0.000000  0.954245
6.466291  0.000000  5.165438 ----- 0.954489  0.000000  0.298247 ----- 0.000000  1.000000  -0.000000 ----- -0.298247  0.000000  0.954489
6.471528  0.000000  5.167072 ----- 0.954731  0.000000  0.297470 ----- 0.000000  1.000000  -0.000000 ----- -0.297470  0.000000  0.954731
6.476767  0.000000  5.168702 ----- 0.954973  0.000000  0.296693 ----- 0.000000  1.000000  -0.000000 ----- -0.296693  0.000000  0.954973
6.482008  0.000000  5.170328 ----- 0.955214  0.000000  0.295917 ----- 0.000000  1.000000  -0.000000 ----- -0.295917  0.000000  0.955214
6.487251  0.000000  5.171950 ----- 0.955454  0.000000  0.295141 ----- 0.000000  1.000000  -0.000000 ----- -0.295141  0.000000  0.955454
6.492497  0.000000  5.173568 ----- 0.955693  0.000000  0.294366 ----- 0.000000  1.000000  -0.000000 ----- -0.294366  0.000000  0.955693
6.497744  0.000000  5.175182 ----- 0.955931  0.000000  0.293591 ----- 0.000000  1.000000  -0.000000 ----- -0.293591  0.000000  0.955931
6.502994  0.000000  5.176792 ----- 0.956168  0.000000  0.292817 ----- 0.000000  1.000000  -0.000000 ----- -0.292817  0.000000  0.956168
6.508246  0.000000  5.178398 ----- 0.956405  0.000000  0.292043 ----- 0.000000  1.000000  -0.000000 ----- -0.292043  0.000000  0.956405
6.513500  0.000000  5.180000 ----- 0.956641  0.000000  0.291270 ----- 0.000000  1.000000  -0.000000 ----- -0.291270  0.000000  0.956641
6.518756  0.000000  5.181598 ----- 0.956876  0.000000  0.290498 ----- 0.000000  1.000000  -0.000000 ----- -0.290498  0.000000  0.956876
6.524014  0.000000  5.183192 ----- 0.957110  0.000000  0.289725 ----- 0.000000  1.000000  -0.000000 ----- -0.289725  0.000000  0.957110
6.529274  0.000000  5.184782 ----- 0.957343  0.000000  0.288954 ----- 0.000000  1.000000  -0.000000 ----- -0.288954  0.000000  0.957343
6.534537  0.000000  5.186368 ----- 0.957575  0.000000  0.288183 ----- 0.000000  1.000000  -0.000000 ----- -0.288183  0.000000  0.957575
6.539801  0.000000  5.187950 ----- 0.957807  0.000000  0.287412 ----- 0.000000  1.000000  -0.000000 ----- -0.287412  0.000000  0.957807
6.545067  0.000000  5.189528 ----- 0.958038  0.000000  0.286642 ----- 0.000000  1.000000  -0.000000 ----- -0.286642  0.000000  0.958038
6.550336  0.000000  5.191102 ----- 0.958268  0.000000  0.285872 ----- 0.000000  1.000000  -0.000000 ----- -0.285872  0.000000  0.958268
6.555606  0.000000  5.192672 ----- 0.958497  0.000000  0.285103 ----- 0.000000  1.000000  -0.000000 ----- -0.285103  0.000000  0.958497
6.560879  0.000000  5.194238 ----- 0.958725  0.000000  0.284334 ----- 0.000000  1.000000  -0.000000 ----- -0.284334  0.000000  0.958725
6.566154  0.000000  5.195800 ----- 0.958953  0.000000  0.283566 ----- 0.000000  1.000000  -0.000000 ----- -0.283566  0.000000  0.958953
6.571430  0.000000  5.197358 ----- 0.959179  0.000000  0.282798 ----- 0.000000  1.000000  -0.000000 ----- -0.282798  0.000000  0.959179
6.576709  0.000000  5.198912 ----- 0.959405  0.000000  0.282031 ----- 0.000000  1.000000  -0.000000 ----- -0.282031  0.000000  0.959405
6.581989  0.000000  5.200462 ----- 0.959630  0.000000  0.281264 ----- 0.000000  1.000000  -0.000000 ----- -0.281264  0.000000  0.959630
6.587272  0.000000  5.202008 ----- 0.959855  0.000000  0.280498 ----- 0.000000  1.000000  -0.000000 ----- -0.280498  0.000000  0.959855
6.592556  0.000000  5.203550 ----- 0.960078  0.000000  0.279732 ----- 0.000000  1.000000  -0.000000 ----- -0.279732  0.000000  0.960078
6.597843  0.000000  5.205088 ----- 0.960301  0.000000  0.278967 ----- 0.000000  1.000000  -0.000000 ----- -0.278967  0.000000  0.960301
6.603131  0.000000  5.206622 ----- 0.960523  0.000000  0.278202 ----- 0.000000  1.000000  -0.000000 ----- -0.278202  0.000000  0.960523
6.608421  0.000000  5.208152 ----- 0.960744  0.000000  0.277437 ----- 0.000000  1.000000  -0.000000 ----- -0.277437  0.000000  0.960744
6.613714  0.000000  5.209678 ----- 0.960964  0.000000  0.276674 ----- 0.000000  1.000000  -0.000000 ----- -0.276674  0.000000  0.960964
6.619008  0.000000  5.211200 ----- 0.961183  0.000000  0.275910 ----- 0.000000  1.000000  -0.000000 ----- -0.275910  0.000000  0.961183
6.624304  0.000000  5.212718 ----- 0.961402  0.000000  0.275147 ----- 0.000000  1.000000  -0.000000 ----- -0.275147  0.000000  0.961402
6.629602  0.000000  5.214232 ----- 0.961620  0.000000  0.274385 ----- 0.000000  1.000000  -0.000000 ----- -0.274385  0.000000  0.961620
6.634902  0.000000  5.215742 ----- 0.961837  0.000000  0.273622 ----- 0.000000  1.000000  -0.000000 ----- -0.273622  0.000000  0.961837
6.640204  0.000000  5.217248 ----- 0.962054  0.000000  0.272861 ----- 0.000000  1.000000  -0.000000 ----- -0.272861  0.000000  0.962054
6.645508  0.000000  5.218750 ----- 0.962269  0.000000  0.272100 ----- 0.000000  1.000000  -0.000000 ----- -0.272100  0.000000  0.962269
6.650813  0.000000  5.220248 ----- 0.962484  0.000000  0.271339 ----- 0.000000  1.000000  -0.000000 ----- -0.271339  0.000000  0.962484
6.656121  0.000000  5.221742 ----- 0.962698  0.000000  0.270579 ----- 0.000000  1.000000  -0.000000 ----- -0.270579  0.000000  0.962698
6.661430  0.000000  5.223232 ----- 0.962911  0.000000  0.269819 ----- 0.000000  1.000000  -0.000000 ----- -0.269819  0.000000  0.962911
6.666741  0.000000  5.224718 ----- 0.963124  0.000000  0.269060 ----- 0.000000  1.000000  -0.000000 ----- -0.269060  0.000000  0.963124
6.672055  0.000000  5.226200 ----- 0.963335  0.000000  0.268301 ----- 0.000000  1.000000  -0.000000 ----- -0.268301  0.000000  0.963335
6.677369  0.000000  5.227678 ----- 0.963546  0.000000  0.267542 ----- 0.000000  1.000000  -0.000000 ----- -0.267542  0.000000  0.963546
6.682686  0.000000  5.229152 ----- 0.963756  0.000000  0.266784 ----- 0.000000  1.000000  -0.000000 ----- -0.266784  0.000000  0.963756
6.688005  0.000000  5.230622 ----- 0.963966  0.000000  0.266027 ----- 0.000000  1.000000  -0.000000 ----- -0.266027  0.000000  0.963966
6.693325  0.000000  5.232088 ----- 0.964174  0.000000  0.265269 ----- 0.000000  1.000000  -0.000000 ----- -0.265269  0.000000  0.964174
6.698647  0.000000  5.233550 ----- 0.964382  0.000000  0.264513 ----- 0.000000  1.000000  -0.000000 ----- -0.264513  0.000000  0.964382
6.703971  0.000000  5.235008 ----- 0.964589  0.000000  0.263756 ----- 0.000000  1.000000  -0.000000 ----- -0.263756  0.000000  0.964589
6.709296  0.000000  5.236462 ----- 0.964796  0.000000  0.263001 ----- 0.000000  1.000000  -0.000000 ----- -0.263001  0.000000  0.964796
6.714624  0.000000  5.237912 ----- 0.965001  0.000000  0.262245 ----- 0.000000  1.000000  -0.000000 ----- -0.262245  0.000000  0.965001
6.719953  0.000000  5.239358 ----- 0.965206  0.000000  0.261490 ----- 0.000000  1.000000  -0.000000 ----- -0.261490  0.000000  0.965206
6.725284  0.000000  5.240800 ----- 0.965410  0.000000  0.260736 ----- 0.000000  1.000000  -0.000000 ----- -0.260736  0.000000  0.965410
6.730617  0.000000  5.242238 ----- 0.965614  0.000000  0.259982 ----- 0.000000  1.000000  -0.000000 ----- -0.259982  0.000000  0.965614
6.735951  0.000000  5.243672 ----- 0.965816  0.000000  0.259228 ----- 0.000000  1.000000  -0.000000 ----- -0.259228  0.000000  0.965816
6.741287  0.000000  5.245102 ----- 0.966018  0.000000  0.258475 ----- 0.000000  1.000000  -0.000000 ----- -0.258475  0.000000  0.966018
6.746625  0.000000  5.246528 ----- 0.966219  0.000000  0.257722 ----- 0.000000  1.000000  -0.000000 ----- -0.257722  0.000000  0.966219
6.751965  0.000000  5.247950 ----- 0.966420  0.000000  0.256969 ----- 0.000000  1.000000  -0.000000 ----- -0.256969  0.000000  0.966420
6.757306  0.000000  5.249368 ----- 0.966619  0.000000  0.256217 ----- 0.000000  1.000000  -0.000000 ----- -0.256217  0.000000  0.966619
6.762649  0.000000  5.250782 ----- 0.966818  0.000000  0.255466 ----- 0.000000  1.000000  -0.000000 ----- -0.255466  0.000000  0.966818
6.767993  0.000000  5.252192 ----- 0.967016  0.000000  0.254714 ----- 0.000000  1.000000  -0.000000 ----- -0.254714  0.000000  0.967016
6.773340  0.000000  5.253598 ----- 0.967214  0.000000  0.253964 ----- 0.000000  1.000000  -0.000000 ----- -0.253964  0.000000  0.967214
6.778688  0.000000  5.255000 ----- 0.967410  0.000000  0.253213 ----- 0.000000  1.000000  -0.000000 ----- -0.253213  0.000000  0.967410
6.784037  0.000000  5.256398 ----- 0.967606  0.000000  0.252463 ----- 0.000000  1.000000  -0.000000 ----- -0.252463  0.000000  0.967606
6.789388  0.000000  5.257792 ----- 0.967802  0.000000  0.251714 ----- 0.000000  1.000000  -0.000000 ----- -0.251714  0.000000  0.967802
6.794741  0.000000  5.259182 ----- 0.967996  0.000000  0.250965 ----- 0.000000  1.000000  -0.000000 ----- -0.250965  0.000000  0.967996
6.800096  0.000000  5.260568 ----- 0.968190  0.000000  0.250216 ----- 0.000000  1.000000  -0.000000 ----- -0.250216  0.000000  0.968190
6.805452  0.000000  5.261950 ----- 0.968383  0.000000  0.249467 ----- 0.000000  1.000000  -0.000000 ----- -0.249467  0.000000  0.968383
6.810809  0.000000  5.263328 ----- 0.968576  0.000000  0.248719 ----- 0.000000  1.000000  -0.000000 ----- -0.248719  0.000000  0.968576
6.816169  0.000000  5.264702 ----- 0.968767  0.000000  0.247972 ----- 0.000000  1.000000  -0.000000 ----- -0.247972  0.000000  0.968767
6.821530  0.000000  5.266072 ----- 0.968958  0.000000  0.247225 ----- 0.000000  1.000000  -0.000000 ----- -0.247225  0.000000  0.968958
6.826892  0.000000  5.267438 ----- 0.969148  0.000000  0.246478 ----- 0.000000  1.000000  -0.000000 ----- -0.246478  0.000000  0.969148
6.832256  0.000000  5.268800 ----- 0.969338  0.000000  0.245731 ----- 0.000000  1.000000  -0.000000 ----- -0.245731  0.000000  0.969338
6.837622  0.000000  5.270158 ----- 0.969527  0.000000  0.244985 ----- 0.000000  1.000000  -0.000000 ----- -0.244985  0.000000  0.969527
6.842989  0.000000  5.271512 ----- 0.969715  0.000000  0.244240 ----- 0.000000  1.000000  -0.000000 ----- -0.244240  0.000000  0.969715
6.848357  0.000000  5.272862 ----- 0.969902  0.000000  0.243494 ----- 0.000000  1.000000  -0.000000 ----- -0.243494  0.000000  0.969902
6.853728  0.000000  5.274208 ----- 0.970089  0.000000  0.242749 ----- 0.000000  1.000000  -0.000000 ----- -0.242749  0.000000  0.970089
6.859099  0.000000  5.275550 ----- 0.970275  0.000000  0.242005 ----- 0.000000  1.000000  -0.000000 ----- -0.242005  0.000000  0.970275
6.864473  0.000000  5.276888 ----- 0.970460  0.000000  0.241261 ----- 0.000000  1.000000  -0.000000 ----- -0.241261  0.000000  0.970460
6.869847  0.000000  5.278222 ----- 0.970645  0.000000  0.240517 ----- 0.000000  1.000000  -0.000000 ----- -0.240517  0.000000  0.970645
6.875224  0.000000  5.279552 ----- 0.970829  0.000000  0.239774 ----- 0.000000  1.000000  -0.000000 ----- -0.239774  0.000000  0.970829
6.880601  0.000000  5.280878 ----- 0.971012  0.000000  0.239031 ----- 0.000000  1.000000  -0.000000 ----- -0.239031  0.000000  0.971012
6.885981  0.000000  5.282200 ----- 0.971195  0.000000  0.238288 ----- 0.000000  1.000000  -0.000000 ----- -0.238288  0.000000  0.971195
6.891361  0.000000  5.283518 ----- 0.971376  0.000000  0.237546 ----- 0.000000  1.000000  -0.000000 ----- -0.237546  0.000000  0.971376
6.896743  0.000000  5.284832 ----- 0.971558  0.000000  0.236804 ----- 0.000000  1.000000  -0.000000 ----- -0.236804  0.000000  0.971558
6.902127  0.000000  5.286142 ----- 0.971738  0.000000  0.236062 ----- 0.000000  1.000000  -0.000000 ----- -0.236062  0.000000  0.971738
6.907512  0.000000  5.287448 ----- 0.971918  0.000000  0.235321 ----- 0.000000  1.000000  -0.000000 ----- -0.235321  0.000000  0.971918
6.912898  0.000000  5.288750 ----- 0.972097  0.000000  0.234580 ----- 0.000000  1.000000  -0.000000 ----- -0.234580  0.000000  0.972097
6.918286  0.000000  5.290048 ----- 0.972275  0.000000  0.233839 ----- 0.000000  1.000000  -0.000000 ----- -0.233839  0.000000  0.972275
6.923676  0.000000  5.291342 ----- 0.972453  0.000000  0.233099 ----- 0.000000  1.000000  -0.000000 ----- -0.233099  0.000000  0.972453
6.929066  0.000000  5.292632 ----- 0.972630  0.000000  0.232359 ----- 0.000000  1.000000  -0.000000 ----- -0.232359  0.000000  0.972630
6.934458  0.000000  5.293918 ----- 0.972806  0.000000  0.231620 ----- 0.000000  1.000000  -0.000000 ----- -0.231620  0.000000  0.972806
6.939852  0.000000  5.295200 ----- 0.972982  0.000000  0.230881 ----- 0.000000  1.000000  -0.000000 ----- -0.230881  0.000000  0.972982
6.945247  0.000000  5.296478 ----- 0.973157  0.000000  0.230142 ----- 0.000000  1.000000  -0.000000 ----- -0.230142  0.000000  0.973157
6.950643  0.000000  5.297752 ----- 0.973331  0.000000  0.229404 ----- 0.000000  1.000000  -0.000000 ----- -0.229404  0.000000  0.973331
6.956041  0.000000  5.299022 ----- 0.973505  0.000000  0.228665 ----- 0.000000  1.000000  -0.000000 ----- -0.228665  0.000000  0.973505
6.961440  0.000000  5.300288 ----- 0.973678  0.000000  0.227928 ----- 0.000000  1.000000  -0.000000 ----- -0.227928  0.000000  0.973678
6.966840  0.000000  5.301550 ----- 0.973850  0.000000  0.227190 ----- 0.000000  1.000000  -0.000000 ----- -0.227190  0.000000  0.973850
6.972242  0.000000  5.302808 ----- 0.974022  0.000000  0.226453 ----- 0.000000  1.000000  -0.000000 ----- -0.226453  0.000000  0.974022
6.977645  0.000000  5.304062 ----- 0.974193  0.000000  0.225716 ----- 0.000000  1.000000  -0.000000 ----- -0.225716  0.000000  0.974193
6.983049  0.000000  5.305312 ----- 0.974363  0.000000  0.224980 ----- 0.000000  1.000000  -0.000000 ----- -0.224980  0.000000  0.974363
6.988455  0.000000  5.306558 ----- 0.974533  0.000000  0.224244 ----- 0.000000  1.000000  -0.000000 ----- -0.224244  0.000000  0.974533
6.993862  0.000000  5.307800 ----- 0.974702  0.000000  0.223508 ----- 0.000000  1.000000  -0.000000 ----- -0.223508  0.000000  0.974702
6.999270  0.000000  5.309038 ----- 0.974870  0.000000  0.222773 ----- 0.000000  1.000000  -0.000000 ----- -0.222773  0.000000  0.974870
7.004679  0.000000  5.310272 ----- 0.975038  0.000000  0.222037 ----- 0.000000  1.000000  -0.000000 ----- -0.222037  0.000000  0.975038
7.010090  0.000000  5.311502 ----- 0.975205  0.000000  0.221303 ----- 0.000000  1.000000  -0.000000 ----- -0.221303  0.000000  0.975205
7.015502  0.000000  5.312728 ----- 0.975372  0.000000  0.220568 ----- 0.000000  1.000000  -0.000000 ----- -0.220568  0.000000  0.975372
7.020915  0.000000  5.313950 ----- 0.975537  0.000000  0.219834 ----- 0.000000  1.000000  -0.000000 ----- -0.219834  0.000000  0.975537
7.026330  0.000000  5.315168 ----- 0.975702  0.000000  0.219100 ----- 0.000000  1.000000  -0.000000 ----- -0.219100  0.000000  0.975702
7.031745  0.000000  5.316382 ----- 0.975867  0.000000  0.218366 ----- 0.000000  1.000000  -0.000000 ----- -0.218366  0.000000  0.975867
7.037162  0.000000  5.317592 ----- 0.976031  0.000000  0.217633 ----- 0.000000  1.000000  -0.000000 ----- -0.217633  0.000000  0.976031
7.042581  0.000000  5.318798 ----- 0.976194  0.000000  0.216900 ----- 0.000000  1.000000  -0.000000 ----- -0.216900  0.000000  0.976194
7.048000  0.000000  5.320000 ----- 0.976356  0.000000  0.216167 ----- 0.000000  1.000000  -0.000000 ----- -0.216167  0.000000  0.976356
7.053421  0.000000  5.321198 ----- 0.976518  0.000000  0.215435 ----- 0.000000  1.000000  -0.000000 ----- -0.215435  0.000000  0.976518
7.058842  0.000000  5.322392 ----- 0.976679  0.000000  0.214703 ----- 0.000000  1.000000  -0.000000 ----- -0.214703  0.000000  0.976679
7.064265  0.000000  5.323582 ----- 0.976840  0.000000  0.213971 ----- 0.000000  1.000000  -0.000000 ----- -0.213971  0.000000  0.976840
7.069690  0.000000  5.324768 ----- 0.977000  0.000000  0.213240 ----- 0.000000  1.000000  -0.000000 ----- -0.213240  0.000000  0.977000
7.075115  0.000000  5.325950 ----- 0.977159  0.000000  0.212509 ----- 0.000000  1.000000  -0.000000 ----- -0.212509  0.000000  0.977159
7.080541  0.000000  5.327128 ----- 0.977318  0.000000  0.211778 ----- 0.000000  1.000000  -0.000000 ----- -0.211778  0.000000  0.977318
7.085969  0.000000  5.328302 ----- 0.977476  0.000000  0.211047 ----- 0.000000  1.000000  -0.000000 ----- -0.211047  0.000000  0.977476
7.091398  0.000000  5.329472 ----- 0.977633  0.000000  0.210317 ----- 0.000000  1.000000  -0.000000 ----- -0.210317  0.000000  0.977633
7.096828  0.000000  5.330638 ----- 0.977790  0.000000  0.209587 ----- 0.000000  1.000000  -0.000000 ----- -0.209587  0.000000  0.977790
7.102259  0.000000  5.331800 ----- 0.977946  0.000000  0.208857 ----- 0.000000  1.000000  -0.000000 ----- -0.208857  0.000000  0.977946
7.107691  0.000000  5.332958 ----- 0.978102  0.000000  0.208128 ----- 0.000000  1.000000  -0.000000 ----- -0.208128  0.000000  0.978102
7.113124  0.000000  5.334112 ----- 0.978257  0.000000  0.207398 ----- 0.000000  1.000000  -0.000000 ----- -0.207398  0.000000  0.978257
7.118558  0.000000  5.335262 ----- 0.978411  0.000000  0.206670 ----- 0.000000  1.000000  -0.000000 ----- -0.206670  0.000000  0.978411
7.123993  0.000000  5.336408 ----- 0.978564  0.000000  0.205941 ----- 0.000000  1.000000  -0.000000 ----- -0.205941  0.000000  0.978564
7.129430  0.000000  5.337550 ----- 0.978717  0.000000  0.205213 ----- 0.000000  1.000000  -0.000000 ----- -0.205213  0.000000  0.978717
7.134867  0.000000  5.338688 ----- 0.978870  0.000000  0.204484 ----- 0.000000  1.000000  -0.000000 ----- -0.204484  0.000000  0.978870
7.140306  0.000000  5.339822 ----- 0.979022  0.000000  0.203757 ----- 0.000000  1.000000  -0.000000 ----- -0.203757  0.000000  0.979022
7.145746  0.000000  5.340952 ----- 0.979173  0.000000  0.203029 ----- 0.000000  1.000000  -0.000000 ----- -0.203029  0.000000  0.979173
7.151186  0.000000  5.342078 ----- 0.979323  0.000000  0.202302 ----- 0.000000  1.000000  -0.000000 ----- -0.202302  0.000000  0.979323
7.156628  0.000000  5.343200 ----- 0.979473  0.000000  0.201575 ----- 0.000000  1.000000  -0.000000 ----- -0.201575  0.000000  0.979473
7.162071  0.000000  5.344318 ----- 0.979622  0.000000  0.200848 ----- 0.000000  1.000000  -0.000000 ----- -0.200848  0.000000  0.979622
7.167514  0.000000  5.345432 ----- 0.979771  0.000000  0.200121 ----- 0.000000  1.000000  -0.000000 ----- -0.200121  0.000000  0.979771
7.172959  0.000000  5.346542 ----- 0.979919  0.000000  0.199395 ----- 0.000000  1.000000  -0.000000 ----- -0.199395  0.000000  0.979919
7.178405  0.000000  5.347648 ----- 0.980067  0.000000  0.198669 ----- 0.000000  1.000000  -0.000000 ----- -0.198669  0.000000  0.980067
7.183852  0.000000  5.348750 ----- 0.980213  0.000000  0.197943 ----- 0.000000  1.000000  -0.000000 ----- -0.197943  0.000000  0.980213
7.189299  0.000000  5.349848 ----- 0.980360  0.000000  0.197218 ----- 0.000000  1.000000  -0.000000 ----- -0.197218  0.000000  0.980360
7.194748  0.000000  5.350942 ----- 0.980505  0.000000  0.196493 ----- 0.000000  1.000000  -0.000000 ----- -0.196493  0.000000  0.980505
7.200197  0.000000  5.352032 ----- 0.980650  0.000000  0.195768 ----- 0.000000  1.000000  -0.000000 ----- -0.195768  0.000000  0.980650
7.205648  0.000000  5.353118 ----- 0.980795  0.000000  0.195043 ----- 0.000000  1.000000  -0.000000 ----- -0.195043  0.000000  0.980795
7.211100  0.000000  5.354200 ----- 0.980939  0.000000  0.194318 ----- 0.000000  1.000000  -0.000000 ----- -0.194318  0.000000  0.980939
7.216552  0.000000  5.355278 ----- 0.981082  0.000000  0.193594 ----- 0.000000  1.000000  -0.000000 ----- -0.193594  0.000000  0.981082
7.222005  0.000000  5.356352 ----- 0.981224  0.000000  0.192870 ----- 0.000000  1.000000  -0.000000 ----- -0.192870  0.000000  0.981224
7.227459  0.000000  5.357422 ----- 0.981366  0.000000  0.192146 ----- 0.000000  1.000000  -0.000000 ----- -0.192146  0.000000  0.981366
7.232915  0.000000  5.358488 ----- 0.981508  0.000000  0.191423 ----- 0.000000  1.000000  -0.000000 ----- -0.191423  0.000000  0.981508
7.238371  0.000000  5.359550 ----- 0.981649  0.000000  0.190699 ----- 0.000000  1.000000  -0.000000 ----- -0.190699  0.000000  0.981649
7.243828  0.000000  5.360608 ----- 0.981789  0.000000  0.189976 ----- 0.000000  1.000000  -0.000000 ----- -0.189976  0.000000  0.981789
7.249285  0.000000  5.361662 ----- 0.981928  0.000000  0.189253 ----- 0.000000  1.000000  -0.000000 ----- -0.189253  0.000000  0.981928
7.254744  0.000000  5.362712 ----- 0.982067  0.000000  0.188530 ----- 0.000000  1.000000  -0.000000 ----- -0.188530  0.000000  0.982067
7.260204  0.000000  5.363758 ----- 0.982206  0.000000  0.187808 ----- 0.000000  1.000000  -0.000000 ----- -0.187808  0.000000  0.982206
7.265664  0.000000  5.364800 ----- 0.982344  0.000000  0.187086 ----- 0.000000  1.000000  -0.000000 ----- -0.187086  0.000000  0.982344
7.271125  0.000000  5.365838 ----- 0.982481  0.000000  0.186364 ----- 0.000000  1.000000  -0.000000 ----- -0.186364  0.000000  0.982481
7.276587  0.000000  5.366872 ----- 0.982617  0.000000  0.185642 ----- 0.000000  1.000000  -0.000000 ----- -0.185642  0.000000  0.982617
7.282050  0.000000  5.367902 ----- 0.982754  0.000000  0.184920 ----- 0.000000  1.000000  -0.000000 ----- -0.184920  0.000000  0.982754
7.287514  0.000000  5.368928 ----- 0.982889  0.000000  0.184199 ----- 0.000000  1.000000  -0.000000 ----- -0.184199  0.000000  0.982889
7.292978  0.000000  5.369950 ----- 0.983024  0.000000  0.183478 ----- 0.000000  1.000000  -0.000000 ----- -0.183478  0.000000  0.983024
7.298444  0.000000  5.370968 ----- 0.983158  0.000000  0.182757 ----- 0.000000  1.000000  -0.000000 ----- -0.182757  0.000000  0.983158
7.303910  0.000000  5.371982 ----- 0.983292  0.000000  0.182036 ----- 0.000000  1.000000  -0.000000 ----- -0.182036  0.000000  0.983292
7.309377  0.000000  5.372992 ----- 0.983425  0.000000  0.181315 ----- 0.000000  1.000000  -0.000000 ----- -0.181315  0.000000  0.983425
7.314844  0.000000  5.373998 ----- 0.983558  0.000000  0.180595 ----- 0.000000  1.000000  -0.000000 ----- -0.180595  0.000000  0.983558
7.320312  0.000000  5.375000 ----- 0.983690  0.000000  0.179875 ----- 0.000000  1.000000  -0.000000 ----- -0.179875  0.000000  0.983690
7.325782  0.000000  5.375998 ----- 0.983821  0.000000  0.179155 ----- 0.000000  1.000000  -0.000000 ----- -0.179155  0.000000  0.983821
7.331251  0.000000  5.376992 ----- 0.983952  0.000000  0.178435 ----- 0.000000  1.000000  -0.000000 ----- -0.178435  0.000000  0.983952
7.336722  0.000000  5.377982 ----- 0.984082  0.000000  0.177715 ----- 0.000000  1.000000  -0.000000 ----- -0.177715  0.000000  0.984082
7.342193  0.000000  5.378968 ----- 0.984212  0.000000  0.176996 ----- 0.000000  1.000000  -0.000000 ----- -0.176996  0.000000  0.984212
7.347665  0.000000  5.379950 ----- 0.984341  0.000000  0.176277 ----- 0.000000  1.000000  -0.000000 ----- -0.176277  0.000000  0.984341
7.353138  0.000000  5.380928 ----- 0.984469  0.000000  0.175558 ----- 0.000000  1.000000  -0.000000 ----- -0.175558  0.000000  0.984469
7.358612  0.000000  5.381902 ----- 0.984597  0.000000  0.174839 ----- 0.000000  1.000000  -0.000000 ----- -0.174839  0.000000  0.984597
7.364086  0.000000  5.382872 ----- 0.984724  0.000000  0.174120 ----- 0.000000  1.000000  -0.000000 ----- -0.174120  0.000000  0.984724
7.369561  0.000000  5.383838 ----- 0.984851  0.000000  0.173401 ----- 0.000000  1.000000  -0.000000 ----- -0.173401  0.000000  0.984851
7.375036  0.000000  5.384800 ----- 0.984977  0.000000  0.172683 ----- 0.000000  1.000000  -0.000000 ----- -0.172683  0.000000  0.984977
7.380512  0.000000  5.385758 ----- 0.985103  0.000000  0.171965 ----- 0.000000  1.000000  -0.000000 ----- -0.171965  0.000000  0.985103
7.385989  0.000000  5.386712 ----- 0.985228  0.000000  0.171247 ----- 0.000000  1.000000  -0.000000 ----- -0.171247  0.000000  0.985228
7.391466  0.000000  5.387662 ----- 0.985353  0.000000  0.170529 ----- 0.000000  1.000000  -0.000000 ----- -0.170529  0.000000  0.985353
7.396944  0.000000  5.388608 ----- 0.985477  0.000000  0.169811 ----- 0.000000  1.000000  -0.000000 ----- -0.169811  0.000000  0.985477
7.402423  0.000000  5.389550 ----- 0.985600  0.000000  0.169094 ----- 0.000000  1.000000  -0.000000 ----- -0.169094  0.000000  0.985600
7.407902  0.000000  5.390488 ----- 0.985723  0.000000  0.168377 ----- 0.000000  1.000000  -0.000000 ----- -0.168377  0.000000  0.985723
7.413382  0.000000  5.391422 ----- 0.985845  0.000000  0.167659 ----- 0.000000  1.000000  -0.000000 ----- -0.167659  0.000000  0.985845
7.418863  0.000000  5.392352 ----- 0.985967  0.000000  0.166942 ----- 0.000000  1.000000  -0.000000 ----- -0.166942  0.000000  0.985967
7.424344  0.000000  5.393278 ----- 0.986088  0.000000  0.166226 ----- 0.000000  1.000000  -0.000000 ----- -0.166226  0.000000  0.986088
7.429826  0.000000  5.394200 ----- 0.986208  0.000000  0.165509 ----- 0.000000  1.000000  -0.000000 ----- -0.165509  0.000000  0.986208
7.435308  0.000000  5.395118 ----- 0.986328  0.000000  0.164792 ----- 0.000000  1.000000  -0.000000 ----- -0.164792  0.000000  0.986328
7.440791  0.000000  5.396032 ----- 0.986448  0.000000  0.164076 ----- 0.000000  1.000000  -0.000000 ----- -0.164076  0.000000  0.986448
7.446274  0.000000  5.396942 ----- 0.986567  0.000000  0.163360 ----- 0.000000  1.000000  -0.000000 ----- -0.163360  0.000000  0.986567
7.451758  0.000000  5.397848 ----- 0.986685  0.000000  0.162644 ----- 0.000000  1.000000  -0.000000 ----- -0.162644  0.000000  0.986685
7.457242  0.000000  5.398750 ----- 0.986803  0.000000  0.161928 ----- 0.000000  1.000000  -0.000000 ----- -0.161928  0.000000  0.986803
7.462727  0.000000  5.399648 ----- 0.986920  0.000000  0.161212 ----- 0.000000  1.000000  -0.000000 ----- -0.161212  0.000000  0.986920
7.468213  0.000000  5.400542 ----- 0.987036  0.000000  0.160496 ----- 0.000000  1.000000  -0.000000 ----- -0.160496  0.000000  0.987036
7.473699  0.000000  5.401432 ----- 0.987153  0.000000  0.159781 ----- 0.000000  1.000000  -0.000000 ----- -0.159781  0.000000  0.987153
7.479185  0.000000  5.402318 ----- 0.987268  0.000000  0.159065 ----- 0.000000  1.000000  -0.000000 ----- -0.159065  0.000000  0.987268
7.484672  0.000000  5.403200 ----- 0.987383  0.000000  0.158350 ----- 0.000000  1.000000  -0.000000 ----- -0.158350  0.000000  0.987383
7.490159  0.000000  5.404078 ----- 0.987498  0.000000  0.157635 ----- 0.000000  1.000000  -0.000000 ----- -0.157635  0.000000  0.987498
7.495647  0.000000  5.404952 ----- 0.987611  0.000000  0.156920 ----- 0.000000  1.000000  -0.000000 ----- -0.156920  0.000000  0.987611
7.501136  0.000000  5.405822 ----- 0.987725  0.000000  0.156205 ----- 0.000000  1.000000  -0.000000 ----- -0.156205  0.000000  0.987725
7.506625  0.000000  5.406688 ----- 0.987837  0.000000  0.155490 ----- 0.000000  1.000000  -0.000000 ----- -0.155490  0.000000  0.987837
7.512114  0.000000  5.407550 ----- 0.987950  0.000000  0.154775 ----- 0.000000  1.000000  -0.000000 ----- -0.154775  0.000000  0.987950
7.517604  0.000000  5.408408 ----- 0.988061  0.000000  0.154061 ----- 0.000000  1.000000  -0.000000 ----- -0.154061  0.000000  0.988061
7.523094  0.000000  5.409262 ----- 0.988173  0.000000  0.153346 ----- 0.000000  1.000000  -0.000000 ----- -0.153346  0.000000  0.988173
7.528584  0.000000  5.410112 ----- 0.988283  0.000000  0.152632 ----- 0.000000  1.000000  -0.000000 ----- -0.152632  0.000000  0.988283
7.534075  0.000000  5.410958 ----- 0.988393  0.000000  0.151918 ----- 0.000000  1.000000  -0.000000 ----- -0.151918  0.000000  0.988393
7.539567  0.000000  5.411800 ----- 0.988503  0.000000  0.151204 ----- 0.000000  1.000000  -0.000000 ----- -0.151204  0.000000  0.988503
7.545058  0.000000  5.412638 ----- 0.988612  0.000000  0.150490 ----- 0.000000  1.000000  -0.000000 ----- -0.150490  0.000000  0.988612
7.550550  0.000000  5.413472 ----- 0.988720  0.000000  0.149776 ----- 0.000000  1.000000  -0.000000 ----- -0.149776  0.000000  0.988720
7.556043  0.000000  5.414302 ----- 0.988828  0.000000  0.149062 ----- 0.000000  1.000000  -0.000000 ----- -0.149062  0.000000  0.988828
